1220
19433346
0
0
136
170
2
0
1
139
170
1
0
2
224
350
2
0
3
106
110
2
0
4
147
230
1
0
5
122
170
1
0
6
168
230
2
0
7
129
170
2
0
8
97
170
1
0
9
87
110
1
0
1
0
134
170
0
0
1
128
170
0
0
2
175
230
0
0
3
179
230
0
0
4
206
290
0
0
5
103
110
0
0
6
140
230
0
0
7
65
50
0
0
8
166
230
0
0
9
198
230
0
0
2
0
42
50
1
0
1
148
170
1
0
2
104
110
1
0
3
157
230
2
0
4
168
230
1
0
5
118
170
2
0
6
52
50
1
0
7
96
170
1
0
8
88
140
2
0
9
139
170
1
0
3
0
107
110
1
0
1
233
290
2
0
2
98
110
2
0
3
175
230
2
0
4
96
110
1
0
5
281
350
1
0
6
178
290
1
0
7
95
110
2
0
8
97
110
2
0
9
108
170
2
0
4
0
96
140
2
0
1
101
170
1
0
2
90
110
2
0
3
257
350
2
0
4
109
110
2
0
5
104
110
1
0
6
129
170
2
0
7
134
170
1
0
8
159
230
2
0
9
130
170
1
0
5
0
73
110
0
0
1
157
170
0
0
2
128
170
0
0
3
114
140
0
0
4
179
230
0
0
5
110
170
0
0
6
142
230
0
0
7
98
170
0
0
8
131
170
0
0
9
107
170
0
0
6
0
122
170
1
0
1
88
110
2
0
2
214
290
2
0
3
163
170
1
0
4
140
170
2
0
5
192
290
1
0
6
90
110
1
0
7
94
110
1
0
8
117
230
1
0
9
90
110
2
0
7
0
80
110
0
0
1
154
170
0
0
2
120
170
0
0
3
105
170
0
0
4
107
170
0
0
5
134
170
0
0
6
120
170
0
0
7
118
140
0
0
8
156
230
0
0
9
185
290
0
0
8
0
156
230
0
0
1
97
140
0
0
2
69
50
0
0
3
50
50
0
0
4
111
110
0
0
5
153
230
0
0
6
125
170
0
0
7
102
110
0
0
8
86
110
0
0
9
196
290
0
0
9
0
72
50
0
0
1
154
230
0
0
2
129
170
0
0
3
89
140
0
0
4
135
170
0
0
5
117
170
0
0
6
212
290
0
0
7
63
110
0
0
8
117
110
0
0
9
176
230
0
0
10
0
160
170
0
0
1
122
110
0
0
2
133
170
0
0
3
174
230
0
0
4
144
170
0
0
5
136
230
0
0
6
187
230
0
0
7
197
230
0
0
8
78
110
0
0
9
143
170
0
0
11
0
122
170
0
0
1
136
170
0
0
2
137
170
0
0
3
119
170
0
0
4
101
110
0
0
5
117
110
0
0
6
125
140
0
0
7
100
110
0
0
8
164
290
0
0
9
120
110
0
0
12
0
194
230
1
0
1
92
170
2
0
2
89
110
2
0
3
212
350
2
0
4
159
230
1
0
5
116
170
1
0
6
112
170
1
0
7
80
110
2
0
8
117
110
1
0
9
70
110
1
0
13
0
129
170
2
0
1
164
230
2
0
2
121
230
1
0
3
160
230
2
0
4
125
170
2
0
5
95
110
1
0
6
96
110
2
0
7
141
170
1
0
8
113
110
1
0
9
126
230
1
0
14
0
159
230
2
0
1
114
110
2
0
2
214
350
2
0
3
110
170
1
0
4
168
170
1
0
5
189
230
2
0
6
233
350
2
0
7
74
50
2
0
8
141
170
2
0
9
105
140
2
0
15
0
90
110
1
0
1
180
290
1
0
2
117
110
1
0
3
65
50
1
0
4
195
290
2
0
5
159
230
2
0
6
162
230
2
0
7
169
290
2
0
8
66
110
1
0
9
274
350
1
0
16
0
67
50
2
0
1
97
170
2
0
2
145
230
1
0
3
174
230
1
0
4
106
170
1
0
5
111
170
1
0
6
130
170
1
0
7
78
110
2
0
8
126
170
1
0
9
198
350
1
0
17
0
88
110
2
0
1
91
110
1
0
2
88
110
1
0
3
144
170
1
0
4
134
170
1
0
5
91
50
2
0
6
114
170
1
0
7
98
110
2
0
8
130
170
1
0
9
132
170
1
0
18
0
209
290
1
0
1
100
110
1
0
2
144
230
2
0
3
108
170
1
0
4
168
290
2
0
5
64
50
1
0
6
206
290
2
0
7
54
50
1
0
8
119
110
2
0
9
139
170
1
0
19
0
124
170
1
0
1
168
290
1
0
2
68
110
1
0
3
196
290
2
0
4
56
50
1
0
5
161
230
2
0
6
159
230
2
0
7
151
230
2
0
8
201
230
2
0
9
121
170
1
0
20
0
78
110
1
0
1
91
140
2
0
2
159
170
2
0
3
164
170
1
0
4
134
170
2
0
5
151
170
1
0
6
83
110
2
0
7
133
170
1
0
8
141
170
1
0
9
141
170
1
0
21
0
185
230
2
0
1
110
110
2
0
2
132
170
1
0
3
84
110
2
0
4
125
170
2
0
5
210
290
1
0
6
142
170
1
0
7
105
170
1
0
8
108
110
2
0
9
186
230
1
0
22
0
163
230
1
0
1
180
230
2
0
2
234
290
2
0
3
190
290
1
0
4
112
170
2
0
5
178
230
2
0
6
157
230
2
0
7
155
230
1
0
8
155
170
1
0
9
123
110
1
0
23
0
215
290
0
0
1
103
110
0
0
2
189
230
0
0
3
170
230
0
0
4
135
230
0
0
5
103
110
0
0
6
132
170
0
0
7
117
170
0
0
8
185
290
0
0
9
136
230
0
0
24
0
196
290
1
0
1
84
110
1
0
2
165
230
1
0
3
135
230
2
0
4
119
170
1
0
5
65
50
2
0
6
138
230
1
0
7
192
290
2
0
8
141
170
2
0
9
99
110
1
0
25
0
98
140
0
0
1
105
170
0
0
2
260
350
0
0
3
249
410
0
0
4
147
170
0
0
5
165
230
0
0
6
214
290
0
0
7
124
170
0
0
8
137
230
0
0
9
69
110
0
0
26
0
132
170
2
0
1
89
110
1
0
2
89
110
1
0
3
72
50
1
0
4
207
290
1
0
5
126
170
1
0
6
117
170
2
0
7
98
170
2
0
8
107
170
2
0
9
127
170
1
0
27
0
126
170
2
0
1
117
230
1
0
2
95
110
1
0
3
97
110
1
0
4
104
170
1
0
5
123
230
1
0
6
164
230
2
0
7
151
170
2
0
8
168
350
2
0
9
181
230
1
0
28
0
186
290
1
0
1
101
140
2
0
2
163
230
2
0
3
151
230
1
0
4
87
110
2
0
5
149
230
1
0
6
189
290
2
0
7
91
140
2
0
8
217
290
2
0
9
136
170
1
0
29
0
83
50
0
0
1
158
290
0
0
2
98
110
0
0
3
229
350
0
0
4
181
230
0
0
5
50
50
0
0
6
91
110
0
0
7
144
170
0
0
8
167
290
0
0
9
168
290
0
0
30
0
217
290
0
0
1
155
230
0
0
2
139
170
0
0
3
150
230
0
0
4
101
110
0
0
5
195
230
0
0
6
134
230
0
0
7
178
290
0
0
8
101
170
0
0
9
147
230
0
0
31
0
148
230
2
0
1
180
230
2
0
2
106
110
1
0
3
204
290
2
0
4
239
350
1
0
5
94
110
1
0
6
167
230
1
0
7
125
170
2
0
8
176
230
1
0
9
85
110
2
0
32
0
120
170
1
0
1
73
110
1
0
2
106
110
1
0
3
94
110
2
0
4
104
170
2
0
5
83
110
1
0
6
80
110
2
0
7
169
170
1
0
8
89
110
2
0
9
135
230
2
0
33
0
208
290
2
0
1
99
170
2
0
2
114
170
2
0
3
108
110
2
0
4
123
170
2
0
5
145
170
1
0
6
187
290
2
0
7
146
170
2
0
8
127
110
1
0
9
188
290
1
0
34
0
160
230
2
0
1
102
140
2
0
2
168
230
2
0
3
179
230
1
0
4
259
350
2
0
5
157
230
1
0
6
107
170
1
0
7
214
290
2
0
8
146
170
2
0
9
112
170
1
0
35
0
189
230
2
0
1
169
230
1
0
2
100
110
1
0
3
130
170
1
0
4
209
290
1
0
5
116
170
2
0
6
153
170
2
0
7
211
350
2
0
8
178
230
2
0
9
218
290
1
0
36
0
111
110
0
0
1
222
290
0
0
2
203
290
0
0
3
101
110
0
0
4
220
290
0
0
5
83
170
0
0
6
94
110
0
0
7
154
230
0
0
8
107
170
0
0
9
151
230
0
0
37
0
149
170
0
0
1
84
110
0
0
2
91
140
0
0
3
85
110
0
0
4
167
230
0
0
5
158
170
0
0
6
158
170
0
0
7
129
170
0
0
8
216
290
0
0
9
108
170
0
0
38
0
109
170
1
0
1
133
170
1
0
2
110
110
1
0
3
179
230
1
0
4
73
50
1
0
5
127
170
1
0
6
170
230
1
0
7
117
170
2
0
8
139
170
2
0
9
132
170
2
0
39
0
169
230
0
0
1
188
290
0
0
2
184
230
0
0
3
108
110
0
0
4
112
170
0
0
5
173
290
0
0
6
176
290
0
0
7
126
170
0
0
8
140
170
0
0
9
73
110
0
0
40
0
132
170
0
0
1
134
170
0
0
2
116
170
0
0
3
148
230
0
0
4
94
110
0
0
5
154
290
0
0
6
151
230
0
0
7
153
230
0
0
8
152
170
0
0
9
118
170
0
0
41
0
124
170
1
0
1
163
230
1
0
2
108
110
1
0
3
137
230
1
0
4
93
140
1
0
5
158
290
1
0
6
195
290
1
0
7
71
110
1
0
8
142
170
1
0
9
141
230
2
0
42
0
158
230
2
0
1
182
290
1
0
2
152
230
2
0
3
108
110
2
0
4
128
220
1
0
5
144
170
2
0
6
97
140
2
0
7
77
110
2
0
8
153
170
1
0
9
131
230
2
0
43
0
97
100
2
0
1
106
110
2
0
2
145
220
2
0
3
135
170
1
0
4
93
170
1
0
5
127
160
1
0
6
92
140
2
0
7
188
220
2
0
8
191
230
2
0
9
89
160
2
0
44
0
134
220
0
0
1
62
50
0
0
2
156
170
0
0
3
147
220
0
0
4
46
50
0
0
5
82
110
0
0
6
39
50
0
0
7
59
50
0
0
8
202
280
0
0
9
185
280
0
0
45
0
122
170
1
0
1
126
170
1
0
2
129
170
1
0
3
81
110
1
0
4
70
50
1
0
5
147
170
2
0
6
104
110
1
0
7
87
100
2
0
8
127
160
2
0
9
41
50
2
0
46
0
163
220
1
0
1
120
110
1
0
2
127
170
1
0
3
109
110
2
0
4
85
50
2
0
5
128
160
2
0
6
150
220
2
0
7
126
230
2
0
8
194
280
1
0
9
97
110
1
0
47
0
153
220
2
0
1
162
220
2
0
2
158
170
1
0
3
91
110
1
0
4
96
100
1
0
5
115
140
1
0
6
120
160
1
0
7
166
230
2
0
8
116
160
1
0
9
198
230
1
0
48
0
105
170
0
0
1
146
230
0
0
2
152
160
0
0
3
91
110
0
0
4
87
100
0
0
5
164
280
0
0
6
92
160
0
0
7
67
50
0
0
8
78
100
0
0
9
78
110
0
0
49
0
145
230
0
0
1
164
230
0
0
2
78
110
0
0
3
134
160
0
0
4
139
220
0
0
5
105
110
0
0
6
183
280
0
0
7
161
170
0
0
8
129
170
0
0
9
186
220
0
0
50
0
104
110
0
0
1
82
100
0
0
2
155
220
0
0
3
134
220
0
0
4
69
110
0
0
5
166
220
0
0
6
131
170
0
0
7
91
160
0
0
8
139
160
0
0
9
125
160
0
0
51
0
158
230
1
0
1
151
230
1
0
2
174
220
1
0
3
161
220
1
0
4
204
280
2
0
5
159
220
2
0
6
83
50
1
0
7
127
160
2
0
8
120
160
2
0
9
99
170
1
0
52
0
123
170
0
0
1
179
280
0
0
2
70
110
0
0
3
104
170
0
0
4
130
170
0
0
5
109
160
0
0
6
101
160
0
0
7
133
170
0
0
8
195
280
0
0
9
142
170
0
0
53
0
154
220
2
0
1
157
230
2
0
2
97
100
1
0
3
90
140
1
0
4
75
110
2
0
5
127
170
1
0
6
124
160
2
0
7
148
170
1
0
8
118
160
2
0
9
86
140
1
0
54
0
184
220
0
0
1
90
110
0
0
2
184
220
0
0
3
114
170
0
0
4
111
100
0
0
5
179
230
0
0
6
130
220
0
0
7
97
160
0
0
8
116
160
0
0
9
113
110
0
0
55
0
95
140
2
0
1
125
160
2
0
2
99
100
1
0
3
98
110
1
0
4
151
220
1
0
5
157
220
2
0
6
130
160
2
0
7
130
170
2
0
8
99
110
2
0
9
135
160
2
0
56
0
88
110
2
0
1
161
280
1
0
2
165
230
2
0
3
87
100
1
0
4
86
170
1
0
5
182
220
1
0
6
188
280
2
0
7
51
50
2
0
8
70
110
1
0
9
165
160
1
0
57
0
76
100
2
0
1
90
110
1
0
2
130
160
1
0
3
158
220
1
0
4
150
170
1
0
5
84
110
2
0
6
99
160
1
0
7
152
230
1
0
8
97
160
1
0
9
122
160
1
0
58
0
225
280
0
0
1
107
100
0
0
2
117
160
0
0
3
91
110
0
0
4
173
280
0
0
5
85
170
0
0
6
144
220
0
0
7
117
160
0
0
8
129
170
0
0
9
165
280
0
0
59
0
96
160
0
0
1
94
110
0
0
2
228
280
0
0
3
160
170
0
0
4
97
110
0
0
5
157
220
0
0
6
110
110
0
0
7
81
110
0
0
8
126
160
0
0
9
148
220
0
0
60
0
64
50
1
0
1
174
280
2
0
2
92
100
2
0
3
97
160
2
0
4
116
160
1
0
5
169
170
1
0
6
95
110
1
0
7
71
110
1
0
8
140
170
2
0
9
110
100
1
0
61
0
150
220
2
0
1
165
220
2
0
2
143
220
2
0
3
159
160
2
0
4
100
110
2
0
5
103
110
1
0
6
63
50
2
0
7
82
50
2
0
8
148
160
2
0
9
102
110
1
0
62
0
166
220
2
0
1
145
220
2
0
2
97
110
1
0
3
134
170
1
0
4
73
110
1
0
5
101
160
2
0
6
114
110
2
0
7
119
160
1
0
8
117
170
2
0
9
137
220
1
0
63
0
130
160
0
0
1
111
110
0
0
2
77
100
0
0
3
141
220
0
0
4
88
110
0
0
5
105
100
0
0
6
124
110
0
0
7
154
220
0
0
8
111
160
0
0
9
85
110
0
0
64
0
167
170
1
0
1
149
160
1
0
2
129
170
1
0
3
65
50
2
0
4
106
160
2
0
5
163
220
2
0
6
142
220
2
0
7
74
100
2
0
8
108
110
2
0
9
96
110
2
0
65
0
166
220
0
0
1
162
220
0
0
2
109
110
0
0
3
64
50
0
0
4
144
220
0
0
5
124
160
0
0
6
131
160
0
0
7
118
160
0
0
8
61
50
0
0
9
53
50
0
0
66
0
174
290
0
0
1
167
230
0
0
2
167
230
0
0
3
237
340
0
0
4
139
230
0
0
5
172
230
0
0
6
218
290
0
0
7
76
100
0
0
8
72
110
0
0
9
109
110
0
0
67
0
136
230
0
0
1
167
230
0
0
2
224
290
0
0
3
180
230
0
0
4
97
160
0
0
5
102
160
0
0
6
132
230
0
0
7
124
160
0
0
8
132
160
0
0
9
196
280
0
0
68
0
99
110
1
0
1
142
170
1
0
2
218
340
1
0
3
170
220
1
0
4
100
110
2
0
5
186
220
2
0
6
270
350
1
0
7
96
110
1
0
8
112
160
2
0
9
201
280
2
0
69
0
113
170
2
0
1
206
290
1
0
2
105
100
2
0
3
214
290
2
0
4
163
220
2
0
5
226
340
2
0
6
137
170
1
0
7
103
160
1
0
8
135
230
1
0
9
164
230
1
0
70
0
118
160
0
0
1
130
170
0
0
2
207
290
0
0
3
89
100
0
0
4
64
110
0
0
5
138
170
0
0
6
146
220
0
0
7
91
110
0
0
8
157
220
0
0
9
151
230
0
0
71
0
166
280
0
0
1
119
170
0
0
2
79
140
0
0
3
175
230
0
0
4
168
230
0
0
5
107
110
0
0
6
147
170
0
0
7
78
110
0
0
8
187
290
0
0
9
111
160
0
0
72
0
156
170
0
0
1
115
170
0
0
2
217
340
0
0
3
85
110
0
0
4
132
170
0
0
5
222
280
0
0
6
136
170
0
0
7
96
170
0
0
8
102
100
0
0
9
156
290
0
0
73
0
69
50
1
0
1
214
280
1
0
2
131
170
1
0
3
178
230
2
0
4
156
220
1
0
5
148
220
2
0
6
82
110
2
0
7
123
160
2
0
8
151
220
1
0
9
148
170
1
0
74
0
132
160
1
0
1
84
110
1
0
2
88
110
2
0
3
162
230
2
0
4
143
160
2
0
5
201
230
1
0
6
97
110
1
0
7
167
280
1
0
8
132
170
2
0
9
129
170
1
0
75
0
73
50
1
0
1
91
170
1
0
2
85
50
1
0
3
106
140
1
0
4
92
110
1
0
5
163
230
2
0
6
109
170
2
0
7
146
220
2
0
8
94
110
2
0
9
63
50
2
0
76
0
185
280
2
0
1
116
170
1
0
2
187
290
1
0
3
150
170
2
0
4
137
170
2
0
5
96
50
1
0
6
126
170
2
0
7
148
230
1
0
8
123
170
1
0
9
112
110
1
0
77
0
59
50
2
0
1
147
170
1
0
2
127
170
2
0
3
75
50
2
0
4
103
170
2
0
5
107
110
2
0
6
65
50
2
0
7
39
50
2
0
8
95
140
1
0
9
158
280
1
0
78
0
110
170
0
0
1
132
160
0
0
2
107
160
0
0
3
140
220
0
0
4
122
170
0
0
5
98
110
0
0
6
78
50
0
0
7
140
170
0
0
8
108
160
0
0
9
128
160
0
0
79
0
178
230
1
0
1
83
110
2
0
2
126
170
2
0
3
129
170
2
0
4
76
50
2
0
5
131
170
1
0
6
119
170
2
0
7
117
110
1
0
8
54
50
1
0
9
67
50
2
0
80
0
154
280
1
0
1
147
170
1
0
2
163
280
1
0
3
125
170
2
0
4
103
140
1
0
5
128
170
1
0
6
84
50
2
0
7
129
160
1
0
8
113
170
1
0
9
137
160
2
0
81
0
104
110
0
0
1
138
170
0
0
2
57
50
0
0
3
215
280
0
0
4
108
110
0
0
5
118
160
0
0
6
125
220
0
0
7
59
50
0
0
8
84
110
0
0
9
152
220
0
0
82
0
55
50
0
0
1
104
110
0
0
2
194
230
0
0
3
155
220
0
0
4
122
170
0
0
5
45
50
0
0
6
121
170
0
0
7
142
160
0
0
8
119
170
0
0
9
61
50
0
0
83
0
83
50
2
0
1
97
110
2
0
2
103
110
1
0
3
149
170
2
0
4
111
160
1
0
5
73
110
2
0
6
121
160
2
0
7
147
170
2
0
8
115
170
1
0
9
47
50
2
0
84
0
114
160
2
0
1
164
170
2
0
2
238
340
1
0
3
166
230
2
0
4
102
110
1
0
5
138
160
1
0
6
155
220
2
0
7
125
170
2
0
8
157
230
2
0
9
53
50
2
0
85
0
187
280
1
0
1
106
110
1
0
2
161
230
2
0
3
111
170
1
0
4
135
170
2
0
5
130
230
2
0
6
166
280
1
0
7
172
230
2
0
8
195
280
2
0
9
53
50
2
0
86
0
112
170
1
0
1
168
230
1
0
2
134
170
1
0
3
127
170
1
0
4
197
290
2
0
5
172
290
2
0
6
110
170
2
0
7
144
170
2
0
8
248
350
2
0
9
151
280
1
0
87
0
151
170
0
0
1
119
170
0
0
2
102
170
0
0
3
212
290
0
0
4
168
230
0
0
5
186
230
0
0
6
135
220
0
0
7
197
290
0
0
8
144
220
0
0
9
93
110
0
0
88
0
160
230
2
0
1
105
140
2
0
2
164
230
1
0
3
138
170
2
0
4
125
170
1
0
5
147
170
1
0
6
195
280
2
0
7
156
230
1
0
8
144
170
2
0
9
61
50
1
0
89
0
139
170
1
0
1
159
230
2
0
2
143
230
1
0
3
129
170
1
0
4
137
170
2
0
5
107
170
2
0
6
146
220
1
0
7
212
290
2
0
8
98
110
2
0
9
175
230
1
0
90
0
241
280
1
0
1
189
280
2
0
2
153
230
1
0
3
168
230
2
0
4
184
290
1
0
5
193
280
2
0
6
121
170
1
0
7
176
290
1
0
8
152
160
1
0
9
228
350
1
0
91
0
182
290
2
0
1
116
110
2
0
2
135
230
2
0
3
235
340
2
0
4
177
230
2
0
5
150
170
1
0
6
83
110
1
0
7
241
350
1
0
8
57
50
1
0
9
114
170
1
0
92
0
91
140
0
0
1
187
340
0
0
2
202
230
0
0
3
190
230
0
0
4
83
110
0
0
5
167
290
0
0
6
118
170
0
0
7
216
290
0
0
8
257
340
0
0
9
129
170
0
0
93
0
121
170
2
0
1
165
220
2
0
2
143
170
1
0
3
153
220
1
0
4
129
170
1
0
5
131
230
2
0
6
168
220
2
0
7
179
230
2
0
8
109
170
1
0
9
109
170
1
0
94
0
97
170
1
0
1
108
170
1
0
2
54
50
1
0
3
114
170
1
0
4
218
290
1
0
5
93
140
1
0
6
41
50
2
0
7
113
110
1
0
8
148
170
2
0
9
87
110
1
0
95
0
229
340
2
0
1
157
230
2
0
2
166
170
2
0
3
193
290
1
0
4
161
230
1
0
5
86
100
1
0
6
105
160
1
0
7
97
170
2
0
8
95
100
1
0
9
172
230
1
0
96
0
215
290
2
0
1
103
170
2
0
2
172
230
2
0
3
144
170
2
0
4
131
110
2
0
5
165
230
1
0
6
189
230
2
0
7
138
170
1
0
8
146
230
2
0
9
136
170
1
0
97
0
122
170
1
0
1
115
170
1
0
2
104
170
1
0
3
97
110
2
0
4
129
230
2
0
5
154
170
2
0
6
264
350
2
0
7
172
230
2
0
8
197
290
2
0
9
127
170
2
0
98
0
232
290
0
0
1
93
100
0
0
2
96
110
0
0
3
155
230
0
0
4
178
230
0
0
5
176
230
0
0
6
194
230
0
0
7
162
170
0
0
8
238
340
0
0
9
132
170
0
0
99
0
129
170
1
0
1
128
170
2
0
2
101
110
2
0
3
124
170
1
0
4
116
170
1
0
5
172
280
2
0
6
168
230
2
0
7
242
350
2
0
8
194
280
2
0
9
133
170
1
0
